2.983823418617248535e-02 -6.663907697657123208e-05
6.433673948049545288e-02 -2.504025724192615598e-05
1.026997715234756470e-01 5.149357457412406802e-05
1.437277942895889282e-01 5.883126868866384029e-05
1.766184121370315552e-01 3.864235259243287146e-05
2.104903608560562134e-01 -1.951948433998040855e-05
2.498397827148437500e-01 -9.434671665076166391e-05
2.891853749752044678e-01 -1.410301774740219116e-04
3.246609568595886230e-01 -5.662251351168379188e-05
3.637420535087585449e-01 -2.386677078902721405e-05
4.085848629474639893e-01 -8.616560080554336309e-05
4.593163132667541504e-01 -1.503415696788579226e-04
5.107402801513671875e-01 -2.555371029302477837e-04
5.734659433364868164e-01 -3.731522010639309883e-04
6.476668119430541992e-01 -4.971791640855371952e-04
7.333658933639526367e-01 -6.866090698167681694e-04
8.156034946441650391e-01 -7.212877972051501274e-04
8.649784326553344727e-01 -5.856202915310859680e-04
9.205411672592163086e-01 -3.026096383109688759e-04
1.000000119209289551e+00 5.966285243630409241e-10
6.693969964981079102e-01 3.545077983289957047e-03
7.933502793312072754e-01 6.505701225250959396e-03
9.223893284797668457e-01 9.445476345717906952e-03
1.031646132469177246e+00 1.295744907110929489e-02
1.109914541244506836e+00 1.589703746140003204e-02
1.178685188293457031e+00 1.871676929295063019e-02
1.223732709884643555e+00 2.239893190562725067e-02
1.316003441810607910e+00 2.580217644572257996e-02
1.335761189460754395e+00 2.853142656385898590e-02
1.379557013511657715e+00 3.191348165273666382e-02
1.423302650451660156e+00 3.411998227238655090e-02
1.449117064476013184e+00 3.723135590553283691e-02
1.483121156692504883e+00 3.995538875460624695e-02
1.506155371665954590e+00 4.288813844323158264e-02
1.545819163322448730e+00 4.561717435717582703e-02
1.579558849334716797e+00 4.814372956752777100e-02
2.467276334762573242e+00 2.877940535545349121e-01
2.397041559219360352e+00 4.581625461578369141e-01
1.992517113685607910e+00 5.930503606796264648e-01
1.660162448883056641e+00 6.898392438888549805e-01
1.406657218933105469e+00 7.415542006492614746e-01
1.458615541458129883e+00 7.877095937728881836e-01
1.407300710678100586e+00 8.331452012062072754e-01
1.282921910285949707e+00 8.719004392623901367e-01
1.153859972953796387e+00 9.075015187263488770e-01
1.152744531631469727e+00 9.392328858375549316e-01
1.119911909103393555e+00 9.681812524795532227e-01
1.000000953674316406e+00 9.999999403953552246e-01
