-3.711288571357727051e-01 6.459178403019905090e-04
-3.568962514400482178e-01 7.111417944543063641e-04
-3.377128839492797852e-01 6.820701528340578079e-04
-3.115747570991516113e-01 4.632703203242272139e-04
-2.817034125328063965e-01 3.029340005014091730e-04
-2.567513287067413330e-01 2.073802897939458489e-04
-2.278154492378234863e-01 1.265484461328014731e-04
-1.852493137121200562e-01 4.801904651685617864e-05
-1.141986697912216187e-01 2.148134171875426546e-06
0.000000000000000000e+00 0.000000000000000000e+00
1.737035363912582397e-01 2.741291973507031798e-05
3.854324817657470703e-01 2.297683204233180732e-05
6.042577028274536133e-01 1.546949533803854138e-05
8.189086318016052246e-01 6.207827937032561749e-06
1.000000476837158203e+00 2.239238933166021184e-10
1.092527508735656738e+00 2.462747215759009123e-04
1.143913745880126953e+00 5.644665798172354698e-04
1.166436195373535156e+00 9.190252749249339104e-04
1.151002287864685059e+00 1.332694315351545811e-03
1.114707946777343750e+00 1.658678636886179447e-03
8.843972086906433105e-01 9.311237372457981110e-03
7.727910280227661133e-01 1.543182600289583206e-02
6.803489327430725098e-01 1.993529684841632843e-02
6.833344101905822754e-01 2.320036105811595917e-02
7.120769619941711426e-01 2.588355913758277893e-02
6.839397549629211426e-01 2.910278178751468658e-02
6.943353414535522461e-01 3.238683938980102539e-02
6.921932697296142578e-01 3.560617193579673767e-02
6.962193250656127930e-01 3.890389576554298401e-02
6.990963816642761230e-01 4.196008294820785522e-02
6.930294632911682129e-01 4.482774436473846436e-02
6.722191572189331055e-01 4.730828478932380676e-02
6.489868164062500000e-01 4.999233409762382507e-02
6.389340758323669434e-01 5.312355607748031616e-02
6.432026028633117676e-01 5.545041337609291077e-02
6.603771448135375977e-01 5.887170881032943726e-02
6.428703069686889648e-01 6.193409860134124756e-02
6.309694647789001465e-01 6.563213467597961426e-02
6.127175688743591309e-01 6.840348988771438599e-02
6.478849053382873535e-01 7.105954736471176147e-02
6.268150210380554199e-01 7.456431537866592407e-02
6.601730585098266602e-01 7.778660207986831665e-02
6.434240937232971191e-01 8.062355965375900269e-02
6.506749391555786133e-01 8.298303186893463135e-02
6.534150838851928711e-01 8.627010136842727661e-02
6.312226653099060059e-01 8.980939537286758423e-02
6.501531004905700684e-01 9.393570572137832642e-02
6.277633905410766602e-01 9.732716530561447144e-02
6.317652463912963867e-01 1.013153195381164551e-01
5.742850899696350098e-01 1.118320971727371216e-01
6.039695143699645996e-01 2.744435071945190430e-01
6.661829948425292969e-01 4.238677322864532471e-01
6.382634639739990234e-01 5.549919009208679199e-01
7.878832221031188965e-01 6.802374124526977539e-01
9.385210871696472168e-01 7.914651632308959961e-01
9.744501113891601562e-01 8.788433670997619629e-01
1.005165815353393555e+00 9.384222626686096191e-01
1.030273437500000000e+00 9.700931906700134277e-01
1.000001072883605957e+00 1.000000238418579102e+00
