3.704850748181343079e-02 -9.720968228066340089e-05
7.696665078401565552e-02 -1.686064060777425766e-04
1.081972420215606689e-01 -1.299481082241982222e-04
1.409380286931991577e-01 -1.539035874884575605e-04
1.743409037590026855e-01 -1.328209327766671777e-04
2.147135585546493530e-01 -1.309877552557736635e-04
2.560357153415679932e-01 -9.131182741839438677e-05
2.985737323760986328e-01 -5.836947821080684662e-05
3.427195549011230469e-01 -6.787410529796034098e-05
3.933426439762115479e-01 -1.263933809241279960e-04
4.475365877151489258e-01 -5.471230542752891779e-05
5.023410916328430176e-01 -4.394853021949529648e-06
5.573937296867370605e-01 1.138343941420316696e-05
6.141033768653869629e-01 -4.122362588532269001e-05
6.820775866508483887e-01 -7.906355313025414944e-05
7.648795843124389648e-01 -2.572645316831767559e-04
8.508765101432800293e-01 -3.810459456872195005e-04
9.194943904876708984e-01 -3.103944181930273771e-04
9.661289453506469727e-01 -1.990096934605389833e-04
1.000000119209289551e+00 1.455191522836685181e-11
6.546837091445922852e-01 4.146701656281948090e-03
7.843078374862670898e-01 6.855661515146493912e-03
9.011255502700805664e-01 9.685851633548736572e-03
9.641027450561523438e-01 1.220715139061212540e-02
1.030163764953613281e+00 1.499924063682556152e-02
1.095777869224548340e+00 1.753614842891693115e-02
1.135307550430297852e+00 1.930565200746059418e-02
1.180638909339904785e+00 2.204013988375663757e-02
1.225570321083068848e+00 2.551941201090812683e-02
1.252639293670654297e+00 2.881838381290435791e-02
1.282020449638366699e+00 3.253854066133499146e-02
1.300286889076232910e+00 3.546370938420295715e-02
1.312673807144165039e+00 3.756432607769966125e-02
1.327479124069213867e+00 3.997464478015899658e-02
1.355838060379028320e+00 4.245477914810180664e-02
1.367656826972961426e+00 4.438738524913787842e-02
2.476628541946411133e+00 2.723436355590820312e-01
2.659423351287841797e+00 4.463810026645660400e-01
2.522748231887817383e+00 5.851544141769409180e-01
2.273726701736450195e+00 6.804412603378295898e-01
2.171427726745605469e+00 7.340874671936035156e-01
2.062947511672973633e+00 7.827031016349792480e-01
1.919827103614807129e+00 8.203493952751159668e-01
1.729178667068481445e+00 8.611235618591308594e-01
1.528112649917602539e+00 9.011431932449340820e-01
1.439843535423278809e+00 9.348634481430053711e-01
1.321792602539062500e+00 9.679296016693115234e-01
9.999982118606567383e-01 1.000000119209289551e+00
